1000 1000
20 980 980 20
25 10
100000
10
50 800 200 750
300 250 450 200
500 600 700 550
800 400 950 350
0 100 150 50
100 700 200 650
400 100 550 50
700 800 850 750
100 500 200 450
750 300 900 250
150 150 300 100
600 500 700 450
800 200 950 150
50 900 200 850
450 850 600 800
550 500 650 450
200 900 350 850
450 250 600 200
700 600 800 550
850 100 950 50
100 300 250 250
400 800 550 750
600 300 750 250
100 850 300 800
800 900 950 850
50 600 200 550
300 400 500 350
700 150 850 100
350 700 500 650
250 550 400 500
150 900 300 850
450 400 600 350
700 450 850 400
50 300 200 250
300 100 500 50
800 650 950 600
100 150 250 100
600 850 750 800
350 900 500 850
200 700 350 650
700 900 850 850
400 300 550 250
900 500 950 450
50 50 150 0
450 150 600 100
200 400 350 350
